174 60 174
175 62 174
174 64 174
175 65 174
174 62 174
175 64 174
174 60 174
174 67 349
175 48 174
174 72 349
0 50 174
175 52 174
174 71 87
0 53 174
87 69 87
87 71 174
0 50 174
175 72 349
0 52 174
174 48 174
175 74 174
0 55 349
174 67 174
175 69 174
0 43 349
174 71 174
174 72 174
175 69 174
174 71 174
175 67 174
174 74 349
174 55 174
175 79 349
0 57 174
174 59 174
175 77 87
0 60 174
87 76 87
87 77 174
0 57 174
175 79 349
0 59 174
174 55 174
174 76 174
0 60 349
175 81 174
174 79 174
0 59 349
175 77 174
174 76 174
0 60 349
174 79 174
175 77 174
0 62 349
174 81 174
175 79 174
0 64 349
174 77 174
175 76 174
0 55 349
174 74 174
174 72 174
0 57 349
175 76 174
174 74 174
0 59 349
175 77 174
174 76 174
0 60 349
175 74 174
174 72 174
0 52 349
174 71 174
175 69 174
0 54 349
174 72 174
175 71 174
0 55 349
174 74 174
174 72 174
0 57 349
175 71 174
174 69 174
0 59 349
175 67 174
174 66 174
0 60 843
175 69 174
174 67 174
174 71 174
175 69 349
174 50 174
175 62 349
0 52 174
174 54 174
174 72 87
0 55 174
88 71 87
87 72 349
0 52 174
174 54 174
175 74 174
0 50 174
174 71 174
0 55 349
175 69 174
174 67 174
0 47 349
174 66 174
175 64 174
0 48 349
174 67 174
175 66 174
0 50 349
174 69 174
174 67 174
0 52 349
175 71 174
174 69 174
0 54 349
175 72 174
174 71 174
0 55 349
175 74 174
174 72 174
0 52 349
174 76 174
175 74 174
0 47 523
174 71 87
87 72 87
88 74 174
174 79 174
0 48 174
175 71 87
0 50 349
87 72 87
87 71 174
174 69 174
0 38 349
175 67 174
174 67 349
175 43 174
174 45 174
174 47 174
175 48 174
174 45 174
175 47 174
174 43 174
175 50 349
174 67 174
174 69 174
0 55 349
175 71 174
174 72 174
0 54 349
175 69 174
174 71 174
0 55 349
174 67 174
175 66 349
0 57 174
174 50 174
175 52 174
174 54 174
175 55 174
174 52 174
174 54 174
175 50 174
174 57 349
175 69 174
174 71 174
0 62 349
174 72 174
175 74 174
0 60 349
174 71 174
175 72 174
0 62 349
174 69 174
175 71 349
0 55 174
174 67 174
174 65 174
175 64 174
174 62 174
175 65 174
174 64 174
174 67 174
175 65 349
174 74 174
175 72 174
0 64 349
174 71 174
175 69 174
0 65 349
174 72 174
174 71 174
0 62 349
175 74 174
174 72 349
0 64 174
175 69 174
174 67 174
175 65 174
174 64 174
174 67 174
175 65 174
174 69 174
175 67 349
174 76 174
174 74 174
0 65 349
175 72 174
174 71 174
0 67 349
175 74 174
174 73 174
0 64 349
175 76 174
174 74 349
0 65 174
174 70 174
175 73 349
0 69 174
174 67 174
175 74 349
0 65 174
174 69 174
174 76 349
0 67 174
175 70 174
174 77 349
0 69 174
175 67 174
174 69 349
0 65 174
175 64 174
174 71 349
0 62 174
174 65 174
175 73 349
0 64 174
174 67 174
175 74 349
0 65 174
174 64 174
174 66 349
0 62 174
175 60 174
174 68 349
0 59 174
175 62 174
174 69 349
0 60 174
175 64 174
174 71 349
0 62 174
174 60 174
175 72 349
0 59 174
174 57 174
175 74 698
0 56 174
174 59 174
175 57 174
174 60 174
174 59 349
175 64 174
174 66 174
0 52 349
175 68 174
174 69 174
0 62 87
87 60 87
87 66 174
0 62 349
175 68 174
174 64 174
175 76 174
0 60 174
174 74 174
0 59 174
175 72 174
0 57 174
174 76 174
0 55 174
174 74 174
0 54 174
175 72 174
0 57 174
174 71 174
0 56 174
175 74 174
0 59 174
174 72 174
0 57 174
174 81 174
0 60 174
175 80 174
0 59 174
174 83 174
0 62 174
175 81 174
0 60 174
174 76 174
0 64 174
175 77 174
0 62 174
174 74 174
0 65 174
174 68 174
0 64 349
175 77 174
174 76 174
0 57 349
175 74 174
174 72 87
0 64 349
87 74 87
87 72 174
175 71 174
0 52 349
174 69 174
175 69 174
0 57 349
174 81 174
175 79 174
0 45 349
174 77 174
174 76 174
175 79 174
174 77 174
175 81 174
174 79 1541
175 64 174
174 62 174
174 60 174
175 59 174
174 62 174
175 61 174
174 64 174
174 62 1541
175 76 174
174 77 174
175 79 174
174 81 174
175 77 174
174 79 174
174 76 174
175 77 1395
174 57 174
175 59 174
174 60 174
174 62 174
175 59 174
174 60 174
175 57 174
174 59 1541
175 79 174
174 77 174
174 76 174
175 74 174
174 77 174
175 76 174
174 79 174
174 77 1541
175 62 174
174 60 174
175 59 174
174 57 174
175 60 174
174 59 174
174 62 174
175 60 1541
174 74 174
175 76 174
174 77 174
175 79 174
174 76 174
174 77 174
175 74 174
174 76 1541
175 55 174
174 57 174
174 58 174
175 60 174
174 57 174
175 58 174
174 55 174
175 57 349
174 72 174
174 74 174
0 58 349
175 76 174
174 77 174
0 57 349
175 74 174
174 76 174
0 55 349
174 72 174
175 74 174
0 53 349
174 76 174
175 77 174
0 62 349
174 79 174
175 81 174
0 60 349
174 77 174
174 79 174
0 58 349
175 76 174
174 77 174
0 57 349
175 79 174
174 81 174
0 65 349
174 83 174
175 84 174
0 64 349
174 81 174
175 83 174
0 62 349
174 79 174
175 84 349
0 64 174
174 50 174
174 79 349
0 52 174
175 53 174
174 76 87
0 55 174
87 77 87
88 76 174
0 52 174
174 74 174
0 53 174
175 72 174
0 50 174
174 72 174
0 52 349
174 70 174
175 69 174
0 48 349
174 67 174
175 65 174
0 50 349
174 69 174
174 67 174
0 52 349
175 70 174
174 69 174
0 53 174
175 71 174
0 50 174
174 72 174
0 52 174
175 64 174
0 53 174
174 62 174
0 55 349
174 72 174
175 65 174
0 43 349
174 71 174
175 64 2791
0 67 2791
0 72 2791
0 36 2791
0 48 2791
